10 0.8 5000 20 1.9898898767622777
10 0.8 5000 20 -2.7549748025221197
10 0.8 5000 20 1.3142872440833928
10 0.8 5000 20 -2.2446621769024726
10 0.8 5000 20 2.6576667504433713
10 0.8 5000 20 -2.7911115267402495
10 0.8 5000 20 -2.088026311146691
10 0.8 5000 20 -1.524038150736749
10 0.8 5000 20 -0.45608888546728465
10 0.8 5000 20 -2.2400226987955234
10 0.8 5000 20 -1.7121462369567313
10 0.8 5000 20 -2.15812599734212
10 0.8 5000 20 0.32525349802958514
10 0.8 5000 20 -1.8272665277238118
10 0.8 5000 20 -1.1127636806385217
10 0.8 5000 20 1.8458398581149993
10 0.8 5000 20 1.7201379095433467
10 0.8 5000 20 -1.3453436329165356
10 0.8 5000 20 -2.5726982974604047
10 0.8 5000 20 0.7969466872906596
10 0.8 5000 20 -2.805365882674195
10 0.8 5000 20 -2.8761674312959653
10 0.8 5000 20 1.7630411784198712
10 0.8 5000 20 -1.2727975032632504
10 0.8 5000 20 1.5247832744787688
10 0.8 5000 20 -1.1255330165650999
10 0.8 5000 20 -1.2891299701220007
10 0.8 5000 20 1.390877131227124
10 0.8 5000 20 1.2165779062853987
10 0.8 5000 20 -0.3536539957377629